863
316
439
983
521
52.9114
607
346
1018
762
439
51.1793
3415
300
579
447
511
74.4434
525
300
459
859
500
48.9891
1165
324
553
889
575
59.743
655
340
529
793
519
47.0132
1089
322
483
834
597
54.0501
527
328
571
945
521
46.8083
1227
318
1139
377
572
59.1175
1123
346
671
545
587
51.5437
1942
324
927
677
545
71.2022
1351
322
555
787
557
62.7308
591
312
389
561
519
45.6022
1431
322
945
789
515
62.5161
1867
310
955
385
565
65.5642
955
308
499
323
503
42.7148
1285
314
485
889
521
54.73
883
306
279
321
543
39.2083
597
314
612
542
759
53.0323
1179
314
545
817
612
56.6838
531
336
631
1000
599
52.8279
823
316
299
737
545
47.2179
789
324
1081
749
545
61.0445
581
322
1060
861
421
51.2234
603
316
897
373
615
49.7221
981
336
639
595
417
51.4997
525
330
788
571
611
49.2714
1455
330
1027
801
586
63.1586
519
306
721
615
549
48.0826
1125
340
492
643
551
54.0914
625
316
655
337
561
46.8831
701
328
614
931
529
48.3737
641
326
609
319
407
39.2179
942
328
1112
295
381
51.8319
1323
306
1087
699
461
62.3027
2870
322
559
529
583
67.9782
1027
318
433
527
571
50.097
1117
350
411
337
585
47.3551
1373
316
1085
619
493
65.2001
531
314
461
711
464
43.2039
749
326
829
881
487
53.8139
1285
1766
533
341
595
70.038
588
320
847
704
575
52.9008
1389
348
1179
673
397
66.3273
1285
358
543
601
433
49.5746
799
334
939
537
502
52.6789
1016
366
543
357
561
43.3802
1193
310
657
433
605
55.066
1609
316
613
349
539
55.265
927
306
673
977
437
54.7593
1872
322
455
761
563
63.6328
2261
300
461
575
549
64.6729
1812
806
1045
683
385
72.515
1057
322
605
349
699
43.1613
1288
304
1314
823
397
65.5921
557
322
469
803
533
47.5168
1622
312
597
799
535
61.3795
1098
306
1160
453
515
58.177
4262
336
924
331
391
89.245
544
318
325
435
629
39.1075
703
318
419
831
569
47.5486
945
324
335
531
579
44.5585
561
330
479
652
517
44.9632
1265
344
614
547
565
54.2212
1673
312
888
419
587
64.6603
1383
328
397
601
547
50.9419
1029
330
723
479
497
52.7417
1361
326
707
625
385
54.0024
1258
328
774
311
479
50.0243
851
340
1062
722
569
63.3958
654
340
559
369
539
41.9699
1023
320
701
641
479
50.7731
637
372
943
339
597
49.745
563
312
897
829
535
57.5364
981
340
723
483
481
50.2602
985
322
493
353
561
43.7694
1725
314
851
1190
565
69.7115
725
372
873
601
507
53.3931
615
308
478
828
539
45.1357
905
310
1123
938
543
64.8674
1317
326
564
889
569
58.8734
593
334
463
914
541
48.4696
745
340
753
635
461
48.9513
1195
332
595
685
555
53.6785
2723
354
697
661
481
68.676
675
354
743
1177
579
60.4312
823
318
485
930
534
64.5526
